#
# This file is the mapping from old java.net issue numbers to
# new github issue numbers.  Commit messages from before the migration
# to github will reference these older issue numbers.
#
189 1
202 2
965 3
1207 4
1343 5
1345 6
2728 7
2986 8
3155 9
3442 10
3444 11
3539 12
3565 13
3566 14
3815 15
3983 16
4002 17
4065 18
4296 19
4355 20
4448 21
4511 22
4579 23
4581 24
4583 25
4743 26
4753 27
4906 28
5086 29
5090 30
5218 31
5233 32
5257 33
5285 34
5300 35
5681 36
5682 37
5683 38
5684 39
5685 40
5686 41
5687 42
5688 43
5689 44
5690 45
5691 46
5692 47
5693 48
5694 49
5713 50
5743 51
5769 52
5770 53
5816 54
5818 55
5819 56
5820 57
5821 58
5822 59
5829 60
5830 61
5847 62
5853 63
5861 64
5896 65
5901 66
5924 67
5925 68
5933 69
5934 70
5978 71
5987 72
5989 73
6004 74
6069 75
6072 76
6074 77
6102 78
6104 79
6108 80
6121 81
6125 82
6137 83
6141 84
6143 85
6160 86
6161 87
6181 88
6201 89
6203 90
6207 91
6208 92
6216 93
6238 94
6260 95
6261 96
6274 97
6275 98
6276 99
6277 100
6278 101
6279 102
6280 103
6281 104
6283 105
6324 106
6325 107
6326 108
6327 109
6328 110
6329 111
6330 112
6336 113
6348 114
6352 115
6353 116
6361 117
6365 118
6366 119
6367 120
6368 121
6379 122
6407 123
6430 124
6452 125
6467 126
6496 127
6498 128
6526 129
6528 130
6535 131
6551 132
6552 133
6565 134
6568 135
6572 136
6585 137
6638 138
6644 139
6650 140
6657 141
6662 142
6667 143
6668 144
6687 145
6703 146
6712 147
6718 148
6719 149
6755 150
6762 151
6765 152
6767 153
6772 154
6778 155
6787 156
6804 157
6817 158
6823 159
6824 160
6827 161
6840 162
6844 163
6850 164
6852 165
6860 166
6863 167
6886 168
6905 169
6907 170
6913 171
6938 172
6943 173
6949 174
6954 175
6964 176
6965 177
6966 178
6973 179
6989 180
6997 181
7009 182
7010 183
7011 184
7014 185
7019 186
7026 187
7027 188
7028 189
7030 190
7035 191
7042 192
7051 193
7052 194
7075 195
7083 196
7088 197
7090 198
7091 199
7092 200
7094 201
7097 202
7104 203
7118 204
7140 205
7150 206
7151 207
7156 208
7182 209
7238 210
7332 211
7355 212
7356 213
7371 214
7378 215
7471 216
7472 217
7483 218
7506 219
7512 220
7513 221
7529 222
7536 223
8387 224
8389 225
8398 226
8399 227
8403 228
8404 229
8405 230
8408 231
8415 232
8420 233
8422 234
8428 235
8435 236
8486 237
8487 238
8492 239
8540 240
8550 241
8558 242
8562 243
8568 244
8583 245
8621 246
8748 247
8810 248
8822 249
8833 250
8846 251
9169 252
9418 253
10909 254
11057 255
19563 256
